01010010010011111011
01010011111100100010
00101111100001011101
00110000101001000010
00011000010111110101
11000001011110111101
00101010111110100111
11111000000101100100
10100101101011000010
01011100110000111001
00101111000100100101
11011101010111111010
11100010000111011101
00000100010011111100
11110000101011011000
00110110000101111111
00110110010010011111
01101010101011110011
10110010101001011101
00111110001010101000
10011111111111110110
00111010101000001110
11010000111100011011
10000000000111111101
10011101000110101101
01101101010010110000
11000101111101010001
11110100111101100000
11001001110000101011
10000111011011000101
01011110011010010000
00000110010100010000
10110110001000001110
10110011011010100111
10110000011101001010
01010001110000000010
00001111111110110110
10110101010000101011
00010011100111001001
00011011000111001111
00001001100011011100
01111110111110011001
11110001111011000110
11011010011011111011
01010010011101111000
00011011001011011001
11110110110001101010
11101100110100111011
00101000101100010000
01101001110011110000
01000000101110001001
00100011010100011010
00011001110111100111
00010101100000001110
01101101000101010010
01011111001101110011
11001110100001100111
00001000010010001001
01110111001101100001
11101011011111010111
10100000010001001001
01011110000011010101
00110000000001100000
10001101000110010100
00011011110001110110
00110010010001110111
11011011101101100010
00000000100001111100
10001011100100011011
10111101001000000001
00111100001111111101
00000111111110110011
11110001101100011000
11010110000001110110
11001110100100100011
11111011000010001000
00001110001101100000
00010100101011111011
11000000000011010000
11001010011000010011
10000001101000110101
10111100001111110000
00110001000101011101
01101011000101011101
01011110110001010011
01110110100111000110
00001100111110110001
00011000100101000001
00110010010010011010
11011001111010100101
11111100011111100010
11001000011100000011
10100010001010010111
10011000011010111000
10010101100000101010
10001001000001110001
00011100010101101010
01110001111001111111
10010010010100011110
10011001000101011011
